54.6
55.0
57.0
54.6
54.6
52.1
54.6
54.6
54.5
54.4
54.5
54.6
54.5
54.6
54.6
54.5
54.5
54.5
54.4
54.9
54.7
54.8
54.5
54.4
54.4
51.7
54.4
54.6
51.7
54.4
54.4
54.3
54.1
54.3
54.1
54.3
51.5
54.4
54.2
54.1
54.6
54.1
51.5
54.2
54.2
54.2
54.4
54.2
54.6
54.5
54.2
54.0
54.1
54.3
54.7
54.4
54.4
54.2
54.3
54.3
54.1
54.1
54.5
54.1
54.2
54.4
54.2
51.3
54.3
53.9
54.4
54.3
54.0
54.1
54.1
54.1
54.1
56.3
54.1
54.1
54.1
54.2
53.9
51.3
54.0
54.0
54.2
54.0
51.3
54.0
54.1
53.9
53.9
54.3
54.0
54.2
54.0
53.9
54.3
53.9
54.1
54.1
54.3
54.3
54.4
54.0
54.0
54.0
56.5
56.5
54.1
54.3
54.1
54.0
54.0
54.2
53.9
53.9
53.9
56.4
54.3
54.0
54.0
54.0
54.1
54.1
49.2
51.6
51.4
54.3
54.4
49.2
51.1
56.5
56.5
54.2
54.0
54.0
56.5
54.2
56.5
54.1
54.1
54.1
54.1
51.1
54.1
54.1
56.5
54.2
54.1
54.3
54.5
54.2
51.5
54.2
54.2
54.4
54.0
54.1
54.4
56.5
54.2
53.9
56.6
56.4
54.2
54.0
51.3
54.0
53.9
53.9
56.4
54.1
51.1
53.9
53.9
53.7
53.9
54.0
53.7
56.5
54.0
53.8
54.0
54.0
54.3
53.8
54.1
56.3
56.2
56.3
53.9
54.0
53.8
54.3
53.9
54.2
53.8
54.1
53.9
54.0
53.9
54.2
53.9
53.9
53.9
53.9
53.7
53.8
54.0
54.2
54.2
53.9
53.9
54.0
54.2
54.0
54.3
53.9
54.1
54.0
54.0
53.8
56.3
54.0
54.0
54.0
53.8
53.9
53.9
54.1
54.0
54.2
54.0
51.3
54.0
54.0
51.5
53.8
54.1
54.1
53.9
54.1
54.1
53.5
54.1
54.1
54.0
51.3
54.0
54.0
54.3
54.0
54.0
54.2
51.1
53.8
54.0
53.8
53.8
54.0
56.2
56.3
53.9
53.9
53.9
53.8
54.0
53.9
53.8
53.8
54.1
51.2
53.8
53.8
53.8
54.1
54.1
53.8
53.8
53.9
53.8
53.7
54.0
53.9
53.9
53.5
53.7
54.8
55.0
55.0
54.5
61.1
61.1
61.1
61.1
61.1
61.1
61.1
61.1
61.1
61.1
61.1
61.1
61.1
61.1
61.1
61.1
61.1
61.1
61.1
61.1
61.1
61.1
61.1
61.1
14.6
14.6
14.6
14.6
14.6
14.6
14.6
14.6
15.8
15.8
15.8
15.8
15.8
15.8
15.8
15.8
19.1
19.1
19.7
19.8
19.7
20.5
20.5
21.1
21.3
21.6
21.5
21.8
22.1
22.2
21.9
18.7
18.4
16.6
16.1
16.1
16.1
16.1
16.1
16.1
16.1
16.1
16.1
16.1
16.1
16.1
16.1
16.1
16.1
16.1
16.1
16.1
16.1
16.1
16.1
16.1
16.1
16.1
16.1
16.1
16.1
16.1
16.1
16.1
16.1
16.1
16.1
16.1
16.1
16.1
16.1
16.1
16.1
16.1
16.1
16.1
16.1
16.1
16.1
16.1
16.1
16.1
16.1
16.1
16.1
16.1
16.1
16.1
16.1
16.1
16.1
16.1
16.1
16.1
16.1
16.1
16.1
16.1
16.1
16.1
16.1
16.1
16.1
16.1
16.1
16.1
16.1
16.1
16.1
16.1
16.1
16.1
16.1
16.1
16.1
16.1
16.1
16.1
16.1
16.1
16.1
16.1
16.1
16.1
16.1
16.1
16.1
16.1
16.1
16.1
16.1
16.1
16.1
16.1
16.1
16.1
16.1
16.1
16.1
16.1
16.1
16.1
16.1
16.1
16.1
16.1
16.1
