18.4
18.3
18.3
18.3
18.3
18.3
18.3
18.3
18.3
18.3
18.3
18.3
18.4
18.4
18.3
18.3
18.3
18.3
18.3
18.2
18.3
18.3
18.3
18.3
18.3
18.3
18.3
18.5
18.3
18.4
18.3
18.3
18.3
18.3
18.3
18.3
18.4
18.4
18.4
18.4
18.4
18.3
18.3
18.3
18.4
18.4
18.4
18.4
18.4
18.4
18.4
18.4
18.4
18.4
18.4
18.4
18.4
18.5
18.4
18.4
18.4
18.4
18.4
18.4
18.4
18.4
18.4
18.4
18.4
18.4
18.4
18.4
18.4
18.4
18.4
18.4
18.4
18.3
18.4
18.4
18.3
18.4
18.4
18.4
18.4
18.4
18.4
18.4
18.4
18.4
18.4
18.4
18.5
18.4
18.5
18.5
18.5
18.4
18.4
18.4
18.5
18.5
18.5
18.5
18.5
18.5
18.5
18.4
18.5
18.5
18.5
18.5
18.5
18.5
18.4
18.5
18.5
18.5
18.5
18.4
18.4
18.4
18.5
18.5
18.5
18.5
18.6
18.5
18.6
18.5
18.5
18.5
18.5
18.6
18.4
18.5
18.4
18.4
18.5
18.5
18.5
18.6
18.5
18.5
18.5
18.5
18.5
18.5
18.5
18.6
18.5
18.6
18.6
18.5
18.6
18.6
18.5
18.5
18.5
18.5
18.5
18.5
18.5
18.5
18.5
18.5
18.5
18.5
18.5
18.5
18.5
18.5
18.5
18.5
18.5
18.3
18.4
18.5
18.5
18.5
18.4
18.5
18.4
18.5
18.5
18.5
18.4
18.5
18.5
18.5
18.5
18.5
18.5
18.5
18.5
18.4
18.5
18.5
18.5
18.4
18.5
18.4
18.5
18.5
18.5
18.5
18.5
18.5
18.5
18.5
18.4
18.4
18.5
18.5
18.5
18.4
18.5
18.4
18.4
18.4
18.5
18.5
18.5
18.5
18.5
18.4
18.4
18.4
18.5
18.5
18.5
18.5
18.5
18.5
18.5
18.4
18.4
18.4
18.4
18.4
18.4
18.4
18.3
18.4
18.4
18.4
18.4
18.4
18.4
18.4
18.4
18.4
18.4
18.4
18.4
18.4
18.4
18.4
18.4
18.4
18.4
18.4
18.4
18.4
18.4
18.4
18.4
18.3
18.4
18.4
18.4
18.4
18.4
18.4
18.4
18.5
18.4
18.4
18.4
18.3
18.5
18.5
18.4
18.4
18.4
18.4
18.4
18.3
18.2
16.5
16.5
16.5
16.4
17.4
17.5
17.7
16.3
16.4
16.4
16.4
16.4
16.4
16.4
16.4
16.5
15.5
15.4
15.4
15.0
15.0
15.2
15.2
15.1
15.1
21.2
21.2
20.8
19.7
19.8
18.8
18.6
18.5
18.6
18.4
18.2
18.3
18.3
18.1
17.6
17.4
17.4
17.5
16.9
17.2
17.1
17.2
16.9
17.0
16.6
16.6
16.3
16.4
16.5
16.1
16.5
16.3
16.8
17.1
18.1
18.4
19.6
19.7
19.7
19.7
19.7
19.7
19.7
19.7
19.7
19.7
19.7
19.7
19.7
19.7
19.7
19.7
19.7
19.7
19.7
19.7
19.7
19.7
19.7
19.7
19.7
19.7
19.7
19.7
19.7
19.7
19.7
19.7
19.7
19.7
19.7
19.7
19.7
19.7
19.7
19.7
19.7
19.7
19.7
19.7
19.7
19.7
19.7
19.7
19.7
19.7
19.7
19.7
19.7
19.7
19.7
19.7
19.7
19.7
19.7
19.7
19.7
19.7
19.7
19.7
19.7
19.7
19.7
19.7
19.7
19.7
19.7
19.7
19.7
19.7
19.7
19.7
19.7
19.7
19.7
19.7
19.7
19.7
19.7
19.7
19.7
19.7
19.7
19.7
19.7
19.7
19.7
19.7
19.7
19.7
19.7
19.7
19.7
19.7
19.7
19.7
19.7
19.7
19.7
19.7
19.7
19.7
19.7
19.7
19.7
19.7
19.7
19.7
19.7
19.7
